{
  "asset": {
    "version": "2.0",
    "generator": "GLTFExporter"
  },
  "scenes": [
    {
      "name": "AuxScene",
      "nodes": [
        24
      ]
    }
  ],
  "scene": 0,
  "nodes": [
    {
      "rotation": [
        -0.7071068387877039,
        0,
        0,
        0.7071067235853865
      ],
      "translation": [
        0,
        680,
        0
      ],
      "scale": [
        100,
        99.99999999999999,
        99.99999999999999
      ],
      "name": "Sphere001",
      "extras": {
        "transformData": {
          "inheritType": 1,
          "eulerOrder": "ZYX",
          "translation": [
            0,
            680,
            0
          ],
          "rotation": [
            -90.00000933466734,
            0,
            0
          ],
          "scale": [
            100,
            100,
            100
          ],
          "parentMatrixWorld": {
            "elements": [
              1,
              0,
              0,
              0,
              0,
              1,
              0,
              0,
              0,
              0,
              1,
              0,
              0,
              -392.3715937137584,
              -0.000011097828561901224,
              1
            ]
          }
        }
      },
      "mesh": 0,
      "skin": 0
    },
    {
      "translation": [
        0,
        0.3000001907348633,
        0
      ],
      "name": "L_LegHuinja_end",
      "extras": {
        "transformData": {
          "inheritType": 1,
          "eulerOrder": "ZYX",
          "translation": [
            0,
            0.3000001907348633,
            0
          ],
          "parentMatrixWorld": {
            "elements": [
              0.991179495048102,
              -0.13252269958248084,
              -0.0009712843209739116,
              0,
              0.13159707738418194,
              0.983337247301888,
              0.12541957031583684,
              0,
              -0.015665839326453792,
              -0.12444112459166805,
              0.9921033154952864,
              0,
              1.3038134127896228e-8,
              3.1316471099853516,
              7.505107646466058e-14,
              1
            ]
          }
        }
      }
    },
    {
      "rotation": [
        0.06272745063153658,
        -0.0036890635159718033,
        -0.06630718879822968,
        0.9958187858422468
      ],
      "translation": [
        1.3038134127896228e-8,
        3.1316471099853516,
        7.505107646466058e-14
      ],
      "scale": [
        0.9999999999999999,
        0.9999999999999999,
        0.9999999999999999
      ],
      "name": "L_LegHuinja",
      "extras": {
        "transformData": {
          "inheritType": 1,
          "eulerOrder": "ZYX",
          "translation": [
            1.3038134127896228e-8,
            3.1316471099853516,
            7.505107646466058e-14
          ],
          "rotation": [
            0.000007768003554056842,
            -0.0000018352677836247827,
            0.19533157749323615
          ],
          "parentMatrixWorld": {
            "elements": [
              0.9995830991285697,
              0.028859388555489574,
              -0.0008027418079411838,
              0,
              -0.02806414546967911,
              0.9647615532206756,
              -0.26162459334122573,
              0,
              -0.00677587239673377,
              0.2615380812583168,
              0.965169372448913,
              0,
              -2.793954578805824e-8,
              2.6577672958374023,
              -2.1316282072803006e-14,
              1
            ]
          }
        }
      },
      "children": [
        1
      ]
    },
    {
      "rotation": [
        -0.13195849303332752,
        -0.0015066160482179027,
        0.014357950894846983,
        0.9911500922897287
      ],
      "translation": [
        -2.793954578805824e-8,
        2.6577672958374023,
        -2.1316282072803006e-14
      ],
      "scale": [
        0.9999999403953552,
        0.9999999403953551,
        1
      ],
      "name": "L_Leg",
      "extras": {
        "transformData": {
          "inheritType": 1,
          "eulerOrder": "ZYX",
          "translation": [
            -2.793954578805824e-8,
            2.6577672958374023,
            -2.1316282072803006e-14
          ],
          "rotation": [
            8.510351377819789e-8,
            -0.000032160791872560935,
            -0.4173057752675616
          ],
          "scale": [
            0.9999999403953552,
            0.9999999403953552,
            1
          ],
          "parentMatrixWorld": {
            "elements": [
              -0.9864343615817897,
              -0.0696503316665994,
              0.14864805371980985,
              0,
              0.07964714107201615,
              -0.9948690097719171,
              0.06238709232534244,
              0,
              0.14354004840116621,
              0.07338015854772421,
              0.9869202642083471,
              0,
              0.4080814719200134,
              -0.9651764631271362,
              -2.884112859646848e-7,
              1
            ]
          }
        }
      },
      "children": [
        2
      ]
    },
    {
      "rotation": [
        -0.07333891187797277,
        -0.034077439756845074,
        -0.9960200343820969,
        0.03747351147189412
      ],
      "translation": [
        0.4080814719200134,
        -0.9651764631271362,
        -2.884112859646848e-7
      ],
      "name": "L_LegUP",
      "extras": {
        "transformData": {
          "inheritType": 1,
          "eulerOrder": "ZYX",
          "translation": [
            0.4080814719200134,
            -0.9651764631271362,
            -2.884112859646848e-7
          ],
          "rotation": [
            -0.00000769813842125744,
            0.00001171432181173699,
            -179.77802386093092
          ],
          "parentMatrixWorld": {
            "elements": [
              1,
              0,
              0,
              0,
              0,
              3.4228541778702486e-8,
              0.9999999657714581,
              0,
              0,
              -0.9999999657714581,
              3.4228541778702486e-8,
              0,
              0,
              0,
              0,
              1
            ]
          }
        }
      },
      "children": [
        3
      ]
    },
    {
      "translation": [
        0,
        0.16323089599609375,
        0
      ],
      "name": "L_HandHuinja_end",
      "extras": {
        "transformData": {
          "inheritType": 1,
          "eulerOrder": "ZYX",
          "translation": [
            0,
            0.16323089599609375,
            0
          ],
          "parentMatrixWorld": {
            "elements": [
              0.9999698390128557,
              0.007766663443373306,
              9.308609960447815e-9,
              0,
              -0.007766662980443892,
              0.9999697794100086,
              -2.1334339444268658e-8,
              0,
              -9.474025857473393e-9,
              2.126140040612438e-8,
              0.9999999999999998,
              0,
              -2.2350665318526808e-8,
              0.5903120636940002,
              -5.684341886080802e-14,
              1
            ]
          }
        }
      }
    },
    {
      "rotation": [
        -1.0649015891317504e-8,
        -4.6956944999010375e-9,
        0.003883361117914319,
        0.9999924302101135
      ],
      "translation": [
        -2.2350665318526808e-8,
        0.5903120636940002,
        -5.684341886080802e-14
      ],
      "scale": [
        1,
        0.9999999403953553,
        1
      ],
      "name": "L_HandHuinja",
      "extras": {
        "transformData": {
          "inheritType": 1,
          "eulerOrder": "ZYX",
          "translation": [
            -2.2350665318526808e-8,
            0.5903120636940002,
            -5.684341886080802e-14
          ],
          "rotation": [
            0.000007133367173803339,
            -0.000009429609184519222,
            0.44500502047716645
          ],
          "scale": [
            1,
            0.9999999403953552,
            1
          ],
          "parentMatrixWorld": {
            "elements": [
              0.9995306515142549,
              -0.030301929368065625,
              -0.00450219736643306,
              0,
              0.03037492049958804,
              0.9993915963855536,
              0.017140633182101725,
              0,
              0.00398006396899107,
              -0.01726934213606363,
              0.9998429521280022,
              0,
              4.284179411229161e-8,
              1.798405408859253,
              1.1368683772161603e-13,
              1
            ]
          }
        }
      },
      "children": [
        5
      ]
    },
    {
      "rotation": [
        0.008603821835366192,
        0.002120892695103962,
        -0.015171554206752313,
        0.9998456493114032
      ],
      "translation": [
        4.284179411229161e-8,
        1.798405408859253,
        1.1368683772161603e-13
      ],
      "scale": [
        1,
        0.9999999999999999,
        1
      ],
      "name": "L_Hand",
      "extras": {
        "transformData": {
          "inheritType": 1,
          "eulerOrder": "ZYX",
          "translation": [
            4.284179411229161e-8,
            1.798405408859253,
            1.1368683772161603e-13
          ],
          "rotation": [
            0.0000029190257613378815,
            0.0000015182292787545008,
            -0.6264811190119954
          ],
          "parentMatrixWorld": {
            "elements": [
              0.9998629567233417,
              0.0012410618101507205,
              -0.016504797043605926,
              0,
              0.0012404981827077038,
              0.9887611191740729,
              0.1494984645191344,
              0,
              0.016504840399098348,
              -0.14949846875204556,
              0.9886241944287334,
              0,
              -5.401627944934262e-8,
              1.626157283782959,
              -1.1368683772161603e-13,
              1
            ]
          }
        }
      },
      "children": [
        6
      ]
    },
    {
      "rotation": [
        0.07496273037692845,
        0.008275979704491574,
        1.41309319934565e-7,
        0.9971519869892799
      ],
      "translation": [
        -5.401627944934262e-8,
        1.626157283782959,
        -1.1368683772161603e-13
      ],
      "scale": [
        0.999999940395355,
        0.999999940395355,
        0.9999999999999999
      ],
      "name": "L_ForeArm",
      "extras": {
        "transformData": {
          "inheritType": 1,
          "eulerOrder": "ZYX",
          "translation": [
            -5.401627944934262e-8,
            1.626157283782959,
            -1.1368683772161603e-13
          ],
          "rotation": [
            -0.0000020396527718993733,
            0.000017614466718236904,
            -0.10753053624935362
          ],
          "scale": [
            0.9999999403953552,
            0.9999999403953552,
            1
          ],
          "parentMatrixWorld": {
            "elements": [
              -0.9511942418616738,
              -0.10779436874971368,
              -0.28915361276830853,
              0,
              0.1141830693766765,
              -0.9934457958254805,
              -0.00526507546175432,
              0,
              -0.2866909062580637,
              -0.03802455828251214,
              0.957268226867926,
              0,
              0.9842947721481323,
              -1.061169147491455,
              -2.4190487124542415e-7,
              1
            ]
          }
        }
      },
      "children": [
        7
      ]
    },
    {
      "rotation": [
        0.14575945115178857,
        0.010957598549243358,
        -0.9876624323688077,
        0.05618757919622531
      ],
      "translation": [
        0.9842947721481323,
        -1.061169147491455,
        -2.4190487124542415e-7
      ],
      "scale": [
        0.9999999403953552,
        1,
        1
      ],
      "name": "L_Arm",
      "extras": {
        "transformData": {
          "inheritType": 1,
          "eulerOrder": "ZYX",
          "translation": [
            0.9842947721481323,
            -1.061169147491455,
            -2.4190487124542415e-7
          ],
          "rotation": [
            -0.000007698097710157517,
            0.00005365856502223958,
            -179.71099238441641
          ],
          "scale": [
            0.9999999403953552,
            1,
            1
          ],
          "parentMatrixWorld": {
            "elements": [
              0.9995229470591994,
              -0.030718639356658105,
              0.003200552436562516,
              0,
              0.03066660266359432,
              0.999414007347775,
              0.015205309746326005,
              0,
              -0.003665763344358217,
              -0.015099905942887938,
              0.9998792702267448,
              0,
              0,
              0.4421285390853882,
              0,
              1
            ]
          }
        }
      },
      "children": [
        8
      ]
    },
    {
      "translation": [
        0,
        0.16323089599609375,
        0
      ],
      "name": "R_HandHuinja_end",
      "extras": {
        "transformData": {
          "inheritType": 1,
          "eulerOrder": "ZYX",
          "translation": [
            0,
            0.16323089599609375,
            0
          ],
          "parentMatrixWorld": {
            "elements": [
              0.9999698382967492,
              -0.007766755643615002,
              7.963016574203764e-8,
              0,
              0.007766755180670591,
              0.9999697786938982,
              1.2141385126690995e-7,
              0,
              -8.057075578654059e-8,
              -1.2079172837929003e-7,
              0.9999999999999895,
              0,
              2.2350665318526808e-8,
              0.5903120636940002,
              -5.684341886080802e-14,
              1
            ]
          }
        }
      }
    },
    {
      "rotation": [
        6.05518550855777e-8,
        -4.005053355626842e-8,
        -0.0038834072183817625,
        0.9999924302101135
      ],
      "translation": [
        2.2350665318526808e-8,
        0.5903120636940002,
        -5.684341886080802e-14
      ],
      "scale": [
        1,
        0.9999999403953553,
        1
      ],
      "name": "R_HandHuinja",
      "extras": {
        "transformData": {
          "inheritType": 1,
          "eulerOrder": "ZYX",
          "translation": [
            2.2350665318526808e-8,
            0.5903120636940002,
            -5.684341886080802e-14
          ],
          "rotation": [
            0.000007133367173803339,
            0.000009429609184519222,
            -0.44500502047716645
          ],
          "scale": [
            1,
            0.9999999403953552,
            1
          ],
          "parentMatrixWorld": {
            "elements": [
              0.9739683034947528,
              -0.013987836136442857,
              0.22625226233974186,
              0,
              -0.03570887612379498,
              0.9761654745151804,
              0.2140697184306409,
              0,
              -0.223854019261676,
              -0.2165763344024883,
              0.9502547412312502,
              0,
              -4.284179411229161e-8,
              1.798405408859253,
              1.1368683772161603e-13,
              1
            ]
          }
        }
      },
      "children": [
        10
      ]
    },
    {
      "rotation": [
        0.1090276200651951,
        -0.11395440951228865,
        0.005499164057309005,
        0.987470084588695
      ],
      "translation": [
        -4.284179411229161e-8,
        1.798405408859253,
        1.1368683772161603e-13
      ],
      "scale": [
        1,
        0.9999999999999999,
        1
      ],
      "name": "R_Hand",
      "extras": {
        "transformData": {
          "inheritType": 1,
          "eulerOrder": "ZYX",
          "translation": [
            -4.284179411229161e-8,
            1.798405408859253,
            1.1368683772161603e-13
          ],
          "rotation": [
            0.0000029190257613378815,
            -0.0000015182292787545008,
            0.6264811190119954
          ],
          "parentMatrixWorld": {
            "elements": [
              0.9995989164512339,
              -0.0036330403123531166,
              0.028083589813223536,
              0,
              -0.0036318222470187746,
              0.9670977728281774,
              0.254378825146103,
              0,
              -0.028083749035601294,
              -0.25437882291475966,
              0.9666968065040533,
              0,
              5.401627944934262e-8,
              1.626157283782959,
              -1.1368683772161603e-13,
              1
            ]
          }
        }
      },
      "children": [
        11
      ]
    },
    {
      "rotation": [
        0.12826178216466347,
        -0.014160225419027749,
        -3.0708380665584714e-7,
        0.991639237029071
      ],
      "translation": [
        5.401627944934262e-8,
        1.626157283782959,
        -1.1368683772161603e-13
      ],
      "scale": [
        0.999999940395355,
        0.999999940395355,
        0.9999999999999999
      ],
      "name": "R_ForeArm",
      "extras": {
        "transformData": {
          "inheritType": 1,
          "eulerOrder": "ZYX",
          "translation": [
            5.401627944934262e-8,
            1.626157283782959,
            -1.1368683772161603e-13
          ],
          "rotation": [
            -0.0000020396527718993733,
            -0.000017614466718236904,
            0.10753053624935362
          ],
          "scale": [
            0.9999999403953552,
            0.9999999403953552,
            1
          ],
          "parentMatrixWorld": {
            "elements": [
              -0.988956604747983,
              0.032308240009803965,
              -0.14464041039951517,
              0,
              -0.03337308860578173,
              -0.9994307268796188,
              0.0049411406545265294,
              0,
              -0.14439844274913405,
              0.009713671658685058,
              0.9894719470917341,
              0,
              -0.9842947721481323,
              -1.061169147491455,
              -2.4190487124542415e-7,
              1
            ]
          }
        }
      },
      "children": [
        12
      ]
    },
    {
      "rotation": [
        -0.07246053424708358,
        0.0036738849682830814,
        0.9972285768149831,
        0.01646596679747298
      ],
      "translation": [
        -0.9842947721481323,
        -1.061169147491455,
        -2.4190487124542415e-7
      ],
      "scale": [
        0.9999999403953552,
        1,
        1
      ],
      "name": "R_Arm",
      "extras": {
        "transformData": {
          "inheritType": 1,
          "eulerOrder": "ZYX",
          "translation": [
            -0.9842947721481323,
            -1.061169147491455,
            -2.4190487124542415e-7
          ],
          "rotation": [
            -0.000007698097710157517,
            -0.00005365856502223958,
            179.71099238441641
          ],
          "scale": [
            0.9999999403953552,
            1,
            1
          ],
          "parentMatrixWorld": {
            "elements": [
              0.9995229470591994,
              -0.030718639356658105,
              0.003200552436562516,
              0,
              0.03066660266359432,
              0.999414007347775,
              0.015205309746326005,
              0,
              -0.003665763344358217,
              -0.015099905942887938,
              0.9998792702267448,
              0,
              0,
              0.4421285390853882,
              0,
              1
            ]
          }
        }
      },
      "children": [
        13
      ]
    },
    {
      "translation": [
        0,
        0.25889790058135986,
        0
      ],
      "name": "BodyUpHuinja_end",
      "extras": {
        "transformData": {
          "inheritType": 1,
          "eulerOrder": "ZYX",
          "translation": [
            0,
            0.25889790058135986,
            0
          ],
          "parentMatrixWorld": {
            "elements": [
              0.9997208707262222,
              -0.023398507566134003,
              0.0032696291434205476,
              0,
              0.023600609414345896,
              0.9826484955513786,
              -0.18396995737858624,
              0,
              0.001091726307012408,
              0.1839957712184846,
              0.9829264286317224,
              0,
              0,
              0.6023678779602051,
              0,
              1
            ]
          }
        }
      }
    },
    {
      "rotation": [
        -0.09239310924403568,
        -0.0005468531416073682,
        -0.011801084209952859,
        0.9956525210802568
      ],
      "translation": [
        0,
        0.6023678779602051,
        0
      ],
      "name": "BodyUpHuinja",
      "extras": {
        "transformData": {
          "inheritType": 1,
          "eulerOrder": "ZYX",
          "translation": [
            0,
            0.6023678779602051,
            0
          ],
          "parentMatrixWorld": {
            "elements": [
              0.9995229470591994,
              -0.030718639356658105,
              0.003200552436562516,
              0,
              0.03066660266359432,
              0.999414007347775,
              0.015205309746326005,
              0,
              -0.003665763344358217,
              -0.015099905942887938,
              0.9998792702267448,
              0,
              0,
              0.4421285390853882,
              0,
              1
            ]
          }
        }
      },
      "children": [
        15
      ]
    },
    {
      "rotation": [
        0.007577425101569751,
        -0.0017168329731496064,
        -0.015348581528682063,
        0.9998520369055138
      ],
      "translation": [
        0,
        0.4421285390853882,
        0
      ],
      "name": "BodyUp",
      "extras": {
        "transformData": {
          "inheritType": 1,
          "eulerOrder": "ZYX",
          "translation": [
            0,
            0.4421285390853882,
            0
          ],
          "parentMatrixWorld": {
            "elements": [
              1,
              0,
              0,
              0,
              0,
              3.4228541778702486e-8,
              0.9999999657714581,
              0,
              0,
              -0.9999999657714581,
              3.4228541778702486e-8,
              0,
              0,
              0,
              0,
              1
            ]
          }
        }
      },
      "children": [
        9,
        14,
        16
      ]
    },
    {
      "translation": [
        0,
        0.3000001907348633,
        0
      ],
      "name": "R_LegHuinja_end",
      "extras": {
        "transformData": {
          "inheritType": 1,
          "eulerOrder": "ZYX",
          "translation": [
            0,
            0.3000001907348633,
            0
          ],
          "parentMatrixWorld": {
            "elements": [
              0.991161318331839,
              0.13264907118199223,
              -0.0018616317767536038,
              0,
              -0.1320831541636319,
              0.9880480268713077,
              0.07946784223569248,
              0,
              0.012380716639343531,
              -0.07851956111673963,
              0.99683569189397,
              0,
              -1.3038134127896228e-8,
              3.1316471099853516,
              7.505107646466058e-14,
              1
            ]
          }
        }
      }
    },
    {
      "rotation": [
        0.03961565210419092,
        0.0035712968757397644,
        0.0663821261538512,
        0.9970011533378161
      ],
      "translation": [
        -1.3038134127896228e-8,
        3.1316471099853516,
        7.505107646466058e-14
      ],
      "scale": [
        0.9999999999999999,
        0.9999999999999999,
        0.9999999999999999
      ],
      "name": "R_LegHuinja",
      "extras": {
        "transformData": {
          "inheritType": 1,
          "eulerOrder": "ZYX",
          "translation": [
            -1.3038134127896228e-8,
            3.1316471099853516,
            7.505107646466058e-14
          ],
          "rotation": [
            0.000007768003554056842,
            0.0000018352677836247827,
            -0.19533157749323615
          ],
          "parentMatrixWorld": {
            "elements": [
              0.9903376879995421,
              -0.04238898753766737,
              -0.13203907874447893,
              0,
              0.018009144482847055,
              0.9833869679380749,
              -0.18062564297849473,
              0,
              0.13750206379914226,
              0.17650249186816752,
              0.974648681821943,
              0,
              2.793954578805824e-8,
              2.6577672958374023,
              -2.1316282072803006e-14,
              1
            ]
          }
        }
      },
      "children": [
        18
      ]
    },
    {
      "rotation": [
        -0.08986383957663287,
        0.06782440140225138,
        -0.015197929473795262,
        0.9935257254066117
      ],
      "translation": [
        2.793954578805824e-8,
        2.6577672958374023,
        -2.1316282072803006e-14
      ],
      "scale": [
        0.9999999403953552,
        0.9999999403953551,
        1
      ],
      "name": "R_Leg",
      "extras": {
        "transformData": {
          "inheritType": 1,
          "eulerOrder": "ZYX",
          "translation": [
            2.793954578805824e-8,
            2.6577672958374023,
            -2.1316282072803006e-14
          ],
          "rotation": [
            8.510351377819789e-8,
            0.000032160791872560935,
            0.4173057752675616
          ],
          "scale": [
            0.9999999403953552,
            0.9999999403953552,
            1
          ],
          "parentMatrixWorld": {
            "elements": [
              -0.9787196908285927,
              0.07174209169224151,
              -0.19225216071740828,
              0,
              -0.06932986702433917,
              -0.9974079939765987,
              -0.019254034349069034,
              0,
              -0.19313516137481965,
              -0.00551548546817913,
              0.9811566589374333,
              0,
              -0.4080814719200134,
              -0.9651764631271362,
              -2.884112859646848e-7,
              1
            ]
          }
        }
      },
      "children": [
        19
      ]
    },
    {
      "rotation": [
        -0.09686542754070321,
        -0.006225711095139449,
        0.9946462114418655,
        0.035457823368190144
      ],
      "translation": [
        -0.4080814719200134,
        -0.9651764631271362,
        -2.884112859646848e-7
      ],
      "name": "R_LegUP",
      "extras": {
        "transformData": {
          "inheritType": 1,
          "eulerOrder": "ZYX",
          "translation": [
            -0.4080814719200134,
            -0.9651764631271362,
            -2.884112859646848e-7
          ],
          "rotation": [
            -0.00000769813842125744,
            -0.00001171432181173699,
            179.77802386093092
          ],
          "parentMatrixWorld": {
            "elements": [
              1,
              0,
              0,
              0,
              0,
              3.4228541778702486e-8,
              0.9999999657714581,
              0,
              0,
              -0.9999999657714581,
              3.4228541778702486e-8,
              0,
              0,
              0,
              0,
              1
            ]
          }
        }
      },
      "children": [
        20
      ]
    },
    {
      "rotation": [
        0.7071067690849304,
        0,
        0,
        0.7071067690849304
      ],
      "scale": [
        1,
        0.9999999999999999,
        0.9999999999999999
      ],
      "name": "Body",
      "extras": {
        "transformData": {
          "inheritType": 1,
          "eulerOrder": "ZYX",
          "rotation": [
            90.00000933466734,
            0,
            0
          ],
          "parentMatrixWorld": {
            "elements": [
              99.45873300903465,
              -1.4998487011017156,
              -10.281579633538879,
              0,
              -10.311688677667712,
              -2.091154672791373,
              -99.44493805819097,
              0,
              1.2765196833020234,
              99.96687992858627,
              -2.2344956628708164,
              0,
              -9.206626755578357,
              706.0613994665616,
              0.33352180788434027,
              1
            ]
          }
        }
      },
      "children": [
        4,
        17,
        21
      ]
    },
    {
      "rotation": [
        -0.7137653384423638,
        0.041370520332864286,
        0.03154068804282519,
        0.6984502022119405
      ],
      "translation": [
        -9.206626755578357,
        706.0613994665616,
        0.33352180788434027
      ],
      "scale": [
        100,
        99.99999999999999,
        99.99999999999999
      ],
      "name": "Armature",
      "extras": {
        "transformData": {
          "inheritType": 1,
          "eulerOrder": "ZYX",
          "translation": [
            0,
            680,
            0
          ],
          "rotation": [
            -90.00000933466734,
            0,
            0
          ],
          "scale": [
            100,
            100,
            100
          ],
          "parentMatrixWorld": {
            "elements": [
              1,
              0,
              0,
              0,
              0,
              1,
              0,
              0,
              0,
              0,
              1,
              0,
              0,
              -392.3715937137584,
              -0.000011097828561901224,
              1
            ]
          }
        }
      },
      "children": [
        22
      ]
    },
    {
      "translation": [
        0,
        -392.3715937137584,
        -0.000011097828561901224
      ],
      "children": [
        0,
        23
      ]
    }
  ],
  "bufferViews": [
    {
      "buffer": 0,
      "byteOffset": 0,
      "byteLength": 412416,
      "target": 34962,
      "byteStride": 12
    },
    {
      "buffer": 0,
      "byteOffset": 412416,
      "byteLength": 274944,
      "target": 34962,
      "byteStride": 8
    },
    {
      "buffer": 0,
      "byteOffset": 687360,
      "byteLength": 549888,
      "target": 34962,
      "byteStride": 16
    },
    {
      "buffer": 0,
      "byteOffset": 1237248,
      "byteLength": 412416,
      "target": 34962,
      "byteStride": 12
    },
    {
      "buffer": 0,
      "byteOffset": 1649664,
      "byteLength": 274944,
      "target": 34962,
      "byteStride": 8
    },
    {
      "buffer": 0,
      "byteOffset": 1924608,
      "byteLength": 1088
    },
    {
      "buffer": 0,
      "byteOffset": 1925696,
      "byteLength": 224
    },
    {
      "buffer": 0,
      "byteOffset": 1925920,
      "byteLength": 672
    },
    {
      "buffer": 0,
      "byteOffset": 1926592,
      "byteLength": 224
    },
    {
      "buffer": 0,
      "byteOffset": 1926816,
      "byteLength": 896
    },
    {
      "buffer": 0,
      "byteOffset": 1927712,
      "byteLength": 4
    },
    {
      "buffer": 0,
      "byteOffset": 1927716,
      "byteLength": 16
    },
    {
      "buffer": 0,
      "byteOffset": 1927732,
      "byteLength": 224
    },
    {
      "buffer": 0,
      "byteOffset": 1927956,
      "byteLength": 896
    },
    {
      "buffer": 0,
      "byteOffset": 1928852,
      "byteLength": 224
    },
    {
      "buffer": 0,
      "byteOffset": 1929076,
      "byteLength": 896
    },
    {
      "buffer": 0,
      "byteOffset": 1929972,
      "byteLength": 224
    },
    {
      "buffer": 0,
      "byteOffset": 1930196,
      "byteLength": 896
    },
    {
      "buffer": 0,
      "byteOffset": 1931092,
      "byteLength": 224
    },
    {
      "buffer": 0,
      "byteOffset": 1931316,
      "byteLength": 896
    },
    {
      "buffer": 0,
      "byteOffset": 1932212,
      "byteLength": 224
    },
    {
      "buffer": 0,
      "byteOffset": 1932436,
      "byteLength": 896
    },
    {
      "buffer": 0,
      "byteOffset": 1933332,
      "byteLength": 224
    },
    {
      "buffer": 0,
      "byteOffset": 1933556,
      "byteLength": 896
    },
    {
      "buffer": 0,
      "byteOffset": 1934452,
      "byteLength": 224
    },
    {
      "buffer": 0,
      "byteOffset": 1934676,
      "byteLength": 896
    },
    {
      "buffer": 0,
      "byteOffset": 1935572,
      "byteLength": 4
    },
    {
      "buffer": 0,
      "byteOffset": 1935576,
      "byteLength": 16
    },
    {
      "buffer": 0,
      "byteOffset": 1935592,
      "byteLength": 224
    },
    {
      "buffer": 0,
      "byteOffset": 1935816,
      "byteLength": 896
    },
    {
      "buffer": 0,
      "byteOffset": 1936712,
      "byteLength": 224
    },
    {
      "buffer": 0,
      "byteOffset": 1936936,
      "byteLength": 896
    },
    {
      "buffer": 0,
      "byteOffset": 1937832,
      "byteLength": 224
    },
    {
      "buffer": 0,
      "byteOffset": 1938056,
      "byteLength": 896
    },
    {
      "buffer": 0,
      "byteOffset": 1938952,
      "byteLength": 4
    },
    {
      "buffer": 0,
      "byteOffset": 1938956,
      "byteLength": 16
    },
    {
      "buffer": 0,
      "byteOffset": 1938972,
      "byteLength": 224
    },
    {
      "buffer": 0,
      "byteOffset": 1939196,
      "byteLength": 896
    },
    {
      "buffer": 0,
      "byteOffset": 1940092,
      "byteLength": 224
    },
    {
      "buffer": 0,
      "byteOffset": 1940316,
      "byteLength": 896
    },
    {
      "buffer": 0,
      "byteOffset": 1941212,
      "byteLength": 224
    },
    {
      "buffer": 0,
      "byteOffset": 1941436,
      "byteLength": 896
    },
    {
      "buffer": 0,
      "byteOffset": 1942332,
      "byteLength": 224
    },
    {
      "buffer": 0,
      "byteOffset": 1942556,
      "byteLength": 896
    },
    {
      "buffer": 0,
      "byteOffset": 1943452,
      "byteLength": 64
    },
    {
      "buffer": 0,
      "byteOffset": 1943516,
      "byteLength": 192
    },
    {
      "buffer": 0,
      "byteOffset": 1943708,
      "byteLength": 64
    },
    {
      "buffer": 0,
      "byteOffset": 1943772,
      "byteLength": 256
    },
    {
      "buffer": 0,
      "byteOffset": 1944028,
      "byteLength": 4
    },
    {
      "buffer": 0,
      "byteOffset": 1944032,
      "byteLength": 16
    },
    {
      "buffer": 0,
      "byteOffset": 1944048,
      "byteLength": 124
    },
    {
      "buffer": 0,
      "byteOffset": 1944172,
      "byteLength": 496
    },
    {
      "buffer": 0,
      "byteOffset": 1944668,
      "byteLength": 64
    },
    {
      "buffer": 0,
      "byteOffset": 1944732,
      "byteLength": 256
    },
    {
      "buffer": 0,
      "byteOffset": 1944988,
      "byteLength": 64
    },
    {
      "buffer": 0,
      "byteOffset": 1945052,
      "byteLength": 256
    },
    {
      "buffer": 0,
      "byteOffset": 1945308,
      "byteLength": 64
    },
    {
      "buffer": 0,
      "byteOffset": 1945372,
      "byteLength": 256
    },
    {
      "buffer": 0,
      "byteOffset": 1945628,
      "byteLength": 64
    },
    {
      "buffer": 0,
      "byteOffset": 1945692,
      "byteLength": 256
    },
    {
      "buffer": 0,
      "byteOffset": 1945948,
      "byteLength": 64
    },
    {
      "buffer": 0,
      "byteOffset": 1946012,
      "byteLength": 256
    },
    {
      "buffer": 0,
      "byteOffset": 1946268,
      "byteLength": 64
    },
    {
      "buffer": 0,
      "byteOffset": 1946332,
      "byteLength": 256
    },
    {
      "buffer": 0,
      "byteOffset": 1946588,
      "byteLength": 4
    },
    {
      "buffer": 0,
      "byteOffset": 1946592,
      "byteLength": 16
    },
    {
      "buffer": 0,
      "byteOffset": 1946608,
      "byteLength": 64
    },
    {
      "buffer": 0,
      "byteOffset": 1946672,
      "byteLength": 256
    },
    {
      "buffer": 0,
      "byteOffset": 1946928,
      "byteLength": 64
    },
    {
      "buffer": 0,
      "byteOffset": 1946992,
      "byteLength": 256
    },
    {
      "buffer": 0,
      "byteOffset": 1947248,
      "byteLength": 64
    },
    {
      "buffer": 0,
      "byteOffset": 1947312,
      "byteLength": 256
    },
    {
      "buffer": 0,
      "byteOffset": 1947568,
      "byteLength": 4
    },
    {
      "buffer": 0,
      "byteOffset": 1947572,
      "byteLength": 16
    },
    {
      "buffer": 0,
      "byteOffset": 1947588,
      "byteLength": 64
    },
    {
      "buffer": 0,
      "byteOffset": 1947652,
      "byteLength": 256
    },
    {
      "buffer": 0,
      "byteOffset": 1947908,
      "byteLength": 128
    },
    {
      "buffer": 0,
      "byteOffset": 1948036,
      "byteLength": 512
    },
    {
      "buffer": 0,
      "byteOffset": 1948548,
      "byteLength": 64
    },
    {
      "buffer": 0,
      "byteOffset": 1948612,
      "byteLength": 256
    },
    {
      "buffer": 0,
      "byteOffset": 1948868,
      "byteLength": 64
    },
    {
      "buffer": 0,
      "byteOffset": 1948932,
      "byteLength": 256
    },
    {
      "buffer": 0,
      "byteOffset": 1949188,
      "byteLength": 8
    },
    {
      "buffer": 0,
      "byteOffset": 1949196,
      "byteLength": 24
    },
    {
      "buffer": 0,
      "byteOffset": 1949220,
      "byteLength": 4
    },
    {
      "buffer": 0,
      "byteOffset": 1949224,
      "byteLength": 16
    },
    {
      "buffer": 0,
      "byteOffset": 1949240,
      "byteLength": 4
    },
    {
      "buffer": 0,
      "byteOffset": 1949244,
      "byteLength": 16
    },
    {
      "buffer": 0,
      "byteOffset": 1949260,
      "byteLength": 4
    },
    {
      "buffer": 0,
      "byteOffset": 1949264,
      "byteLength": 16
    },
    {
      "buffer": 0,
      "byteOffset": 1949280,
      "byteLength": 4
    },
    {
      "buffer": 0,
      "byteOffset": 1949284,
      "byteLength": 16
    },
    {
      "buffer": 0,
      "byteOffset": 1949300,
      "byteLength": 4
    },
    {
      "buffer": 0,
      "byteOffset": 1949304,
      "byteLength": 16
    },
    {
      "buffer": 0,
      "byteOffset": 1949320,
      "byteLength": 4
    },
    {
      "buffer": 0,
      "byteOffset": 1949324,
      "byteLength": 16
    },
    {
      "buffer": 0,
      "byteOffset": 1949340,
      "byteLength": 4
    },
    {
      "buffer": 0,
      "byteOffset": 1949344,
      "byteLength": 16
    },
    {
      "buffer": 0,
      "byteOffset": 1949360,
      "byteLength": 4
    },
    {
      "buffer": 0,
      "byteOffset": 1949364,
      "byteLength": 16
    },
    {
      "buffer": 0,
      "byteOffset": 1949380,
      "byteLength": 4
    },
    {
      "buffer": 0,
      "byteOffset": 1949384,
      "byteLength": 16
    },
    {
      "buffer": 0,
      "byteOffset": 1949400,
      "byteLength": 4
    },
    {
      "buffer": 0,
      "byteOffset": 1949404,
      "byteLength": 16
    },
    {
      "buffer": 0,
      "byteOffset": 1949420,
      "byteLength": 4
    },
    {
      "buffer": 0,
      "byteOffset": 1949424,
      "byteLength": 16
    },
    {
      "buffer": 0,
      "byteOffset": 1949440,
      "byteLength": 4
    },
    {
      "buffer": 0,
      "byteOffset": 1949444,
      "byteLength": 16
    },
    {
      "buffer": 0,
