[gd_scene load_steps=15 format=3 uid="uid://yhpgoa10oh6y"]

[ext_resource type="Script" path="res://scripts/zone.gd" id="1_7maf6"]
[ext_resource type="Script" path="res://addons/curvemesh3d/curvemesh3d.gd" id="2_keamj"]
[ext_resource type="PackedScene" uid="uid://bwf13nepw51ts" path="res://scenes/room.tscn" id="3_4veeh"]
[ext_resource type="Material" uid="uid://c4n2awfh8fos1" path="res://materials/steb_a_m_s.tres" id="3_7jgtr"]
[ext_resource type="Texture2D" uid="uid://bmkbgftqec3cm" path="res://images/decals/decal1.png" id="4_pm8h3"]
[ext_resource type="Material" uid="uid://btw6bhbo8oi8k" path="res://materials/steb_item_m_s.tres" id="6_tq0b3"]

[sub_resource type="Curve3D" id="Curve3D_r7bhb"]
bake_interval = 1.0
_data = {
"points": PackedVector3Array(7.55756, 0.498932, 13.501, -7.55756, -0.498932, -13.501, 5.08328, -0.305542, 0.0300232, 1.12684, 2.61304, 13.1294, -1.12684, -2.61304, -13.1294, -13.5145, -5.39864, -39.7088, -11.1275, 1.88475, 5.56602, 11.1275, -1.88475, -5.56602, -1.5575, -14.6247, -71.7544, -13.686, 2.70697, 5.45577, 13.686, -2.70697, -5.45577, 35.5001, -22.2762, -78.6194, 0.914055, 1.90138, 14.4328, -0.914055, -1.90138, -14.4328, 58.2955, -31.874, -115.942, 12.2073, 3.87949, 0.644745, -12.2073, -3.87949, -0.644745, 31.1487, -44.9656, -142.79, 9.63767, 2.63894, 3.33615, -9.63767, -2.63894, -3.33615, 0.157166, -53.5878, -139.813, -0.490753, 2.30566, 18.1576, 0.490753, -2.30566, -18.1576, -18.8444, -62.3241, -170.98, -7.42396, 3.55602, 6.60941, 7.42396, -3.55602, -6.60941, -4.36326, -74.7259, -209.339, -9.34607, 3.2857, -0.0884399, 9.34607, -3.2857, 0.0884399, 21.3549, -87.1135, -221.536, -6.36324, 0, -6.09811, 0, 0, 0, 47.8684, -90.3903, -209.87),
"tilts": PackedFloat32Array(0, 0, 0, 0, 0, 0, 0, 0, 0, 0, 0)
}
point_count = 11

[sub_resource type="Curve" id="Curve_dymi8"]
min_value = 0.2
_data = [Vector2(0, 0.606486), 0.0, 0.570429, 0, 0, Vector2(0.440994, 1), 0.0, 0.0, 0, 0, Vector2(0.99793, 0.602471), -0.696217, -3.178, 0, 0]
point_count = 3

[sub_resource type="SphereMesh" id="SphereMesh_kpajd"]
radius = 2.0
height = 4.0

[sub_resource type="BoxMesh" id="BoxMesh_8qa26"]

[sub_resource type="Curve3D" id="Curve3D_6aul8"]
_data = {
"points": PackedVector3Array(4.79188, -0.730071, 7.68941, -4.79188, 0.730071, -7.68941, 4.11216, -3.39015, 9.08747, 3.45182, 0.157925, 7.75285, -3.45182, -0.157925, -7.75285, -11.5997, -3.71804, -15.4868, -0.567148, 0.751759, 9.01955, 0.567148, -0.751759, -9.01955, -15.1211, -5.44315, -42.6064, -9.55832, 3.30532, 5.72005, 9.55832, -3.30532, -5.72005, 1.25479, -10.5604, -71.391, -8.83906, 3.35534, 1.01267, 8.83906, -3.35534, -1.01267, 23.1269, -18.1469, -78.445, -5.03612, 5.15829, 17.6807, 5.03612, -5.15829, -17.6807, 52.2477, -31.9038, -97.8814),
"tilts": PackedFloat32Array(0, 0, 0, 0, 0, 0)
}
point_count = 6

[sub_resource type="Curve" id="Curve_il8gj"]
min_value = 0.5
_data = [Vector2(0, 0.5), 0.0, 0.0, 0, 0, Vector2(0.503106, 1), 0.0, 0.0, 0, 0, Vector2(1, 0.5), 0.0, 0.0, 0, 0]
point_count = 3

[sub_resource type="Curve3D" id="Curve3D_50vrx"]
bake_interval = 0.1
_data = {
"points": PackedVector3Array(-15.5668, 0.580517, 2.099, 15.5668, -0.580517, -2.099, -9.4224, -5.96779, -2.70335, -7.78877, -0.183907, 2.86403, 7.78877, 0.183907, -2.86403, 19.1829, -0.555391, -6.56472, -4.50536, 0.684942, 6.37976, 4.50536, -0.684942, -6.37976, 37.1132, -0.824083, -20.234, -0.697166, 0.8298, 10.8772, 0.697166, -0.8298, -10.8772, 46.6002, -2.92941, -45.8575, 5.10741, 2.19361, 7.8336, -5.10741, -2.19361, -7.8336, 40.0229, -7.8732, -74.8176, 7.54268, 2.84306, 3.57378, -7.54268, -2.84306, -3.57378, 21.3234, -15.6102, -91.7572, 7.04484, 2.66108, -0.738419, -7.04484, -2.66108, 0.738419, -0.770929, -23.7787, -95.1823, 5.04487, 2.05697, -0.0680847, -5.04487, -2.05697, 0.0680847, -19.8989, -32.885, -91.218, -2.99211, 4.56216, 17.1996, 2.99211, -4.56216, -17.1996, -31.3833, -45.9536, -113.493),
"tilts": PackedFloat32Array(0, 0, 0, 0, 0, 0, 0, 0, 0)
}
point_count = 9

[sub_resource type="Curve3D" id="Curve3D_v4joe"]
_data = {
"points": PackedVector3Array(7.932, 1.4637, -1.36229, -7.932, -1.4637, 1.36229, 0, -3.91196, 0, 6.64711, -0.278046, 1.75695, -6.64711, 0.278046, -1.75695, -22.7381, -7.63006, 2.13979, 4.63305, 0.560986, 7.45187, -4.63305, -0.560986, -7.45187, -45.7043, -7.59213, -15.2283, -0.496269, 2.63829, 12.7215, 0.496269, -2.63829, -12.7215, -51.8496, -11.4588, -48.7573, -8.01064, 4.66546, 8.30493, 8.01064, -4.66546, -8.30493, -37.633, -23.2967, -85.2401, -11.8087, 4.53841, 3.19998, 11.8087, -4.53841, -3.19998, -10.0223, -37.993, -99.7334, -7.82766, 3.12814, -4.57144, 7.82766, -3.12814, 4.57144, 17.4745, -49.9233, -96.1593, -4.74484, 1.76118, -2.91512, 4.74484, -1.76118, 2.91512, 31.5057, -53.1058, -85.334),
"tilts": PackedFloat32Array(0, 0, 0, 0, 0, 0, 0, 0)
}
point_count = 8

[node name="Zone" type="Node3D"]
script = ExtResource("1_7maf6")

[node name="Curve" type="Path3D" parent="."]
transform = Transform3D(1, 0, 0, 0, 1, 0, 0, 0, 1, -5.4245, 0, 0)
curve = SubResource("Curve3D_r7bhb")
script = ExtResource("2_keamj")
radius = 17.0
radius_profile = SubResource("Curve_dymi8")
radial_resolution = 32
material = ExtResource("3_7jgtr")

[node name="PathFollow" type="PathFollow3D" parent="Curve"]
transform = Transform3D(0.872586, 0, 0.488454, 0, 0.999998, 0, -0.488454, 0, 0.872585, 5.08328, -0.305542, 0.0300232)
rotation_mode = 1
loop = false

[node name="Marker" type="MeshInstance3D" parent="Curve/PathFollow"]
mesh = SubResource("SphereMesh_kpajd")
skeleton = NodePath("")

[node name="R" type="MeshInstance3D" parent="Curve/PathFollow/Marker"]
transform = Transform3D(1, 0, 0, 0, 1, 0, 0, 0, 1, 5, 0, 0)
mesh = SubResource("BoxMesh_8qa26")

[node name="L" type="MeshInstance3D" parent="Curve/PathFollow/Marker"]
transform = Transform3D(1, 0, 0, 0, 1, 0, 0, 0, 1, -5, 0, 0)
mesh = SubResource("BoxMesh_8qa26")

[node name="DecalsMaker" type="PathFollow3D" parent="Curve"]
transform = Transform3D(0.872585, 0, 0.488454, 0, 0.999997, 0, -0.488454, 0, 0.872585, 5.08328, -0.305542, 0.0300232)
rotation_mode = 1
loop = false

[node name="Center" type="MeshInstance3D" parent="Curve/DecalsMaker"]
mesh = SubResource("SphereMesh_kpajd")
skeleton = NodePath("")

[node name="Mesh" type="MeshInstance3D" parent="Curve/DecalsMaker/Center"]
transform = Transform3D(1, 0, 0, 0, 1, 0, 0, 0, 1, 0, 25, 0)
mesh = SubResource("BoxMesh_8qa26")

[node name="Decal" type="Decal" parent="Curve/DecalsMaker/Center/Mesh"]
transform = Transform3D(1, 0, 0, 0, 1, 0, 0, 0, 1, 0, -8.195, 0)
size = Vector3(1, 15, 1)
texture_albedo = ExtResource("4_pm8h3")
modulate = Color(0.364231, 0.572187, 0.232781, 1)
upper_fade = 3.18806e-05
lower_fade = 3.92494e-05
cull_mask = 524288

[node name="Room" parent="." instance=ExtResource("3_4veeh")]
transform = Transform3D(-0.809017, 0, -0.587785, 0, 1, 0, 0.587785, 0, -0.809017, 54.4111, -80.9182, -191.874)

[node name="CurveB" type="Node3D" parent="."]
transform = Transform3D(1, 0, 0, 0, 1, 0, 0, 0, 1, -5.4245, 0, 0)

[node name="CurveB1" type="Path3D" parent="CurveB"]
transform = Transform3D(1, 0, 0, 0, 1, 0, 0, 0, 1, -8.43754, 5.89278, -11.4101)
curve = SubResource("Curve3D_6aul8")
script = ExtResource("2_keamj")
radius = 3.0
radius_profile = SubResource("Curve_il8gj")
radial_resolution = 32
material = ExtResource("6_tq0b3")

[node name="CurveB2" type="Path3D" parent="CurveB"]
transform = Transform3D(1, 0, 0, 0, 1, 0, 0, 0, 1, 23.7106, -14.659, -61.8908)
curve = SubResource("Curve3D_50vrx")
script = ExtResource("2_keamj")
radius = 3.0
radius_profile = SubResource("Curve_il8gj")
material = ExtResource("6_tq0b3")

[node name="CurveB3" type="Path3D" parent="CurveB"]
transform = Transform3D(1, 0, 0, 0, 1, 0, 0, 0, 1, 22.0834, -40.9226, -128.457)
curve = SubResource("Curve3D_v4joe")
script = ExtResource("2_keamj")
radius = 3.0
radius_profile = SubResource("Curve_il8gj")
material = ExtResource("6_tq0b3")

[node name="Markers" type="Node3D" parent="."]
transform = Transform3D(1, 0, 0, 0, 1, 0, 0, 0, 1, -5.4245, 0, 0)

[node name="Marker3D" type="Marker3D" parent="Markers"]
transform = Transform3D(0.474996, -0.0797997, 0.876362, -0.0378448, 0.993105, 0.110942, -0.879173, -0.085863, 0.468701, 0.0225432, -0.820387, -8.57832)
gizmo_extents = 3.0

[node name="Marker3D2" type="Marker3D" parent="Markers"]
transform = Transform3D(0.49821, -0.0970629, 0.861606, -0.0537456, 0.988345, 0.142418, -0.865389, -0.117262, 0.487187, -5.05607, -1.69713, -17.1473)
gizmo_extents = 3.0

[node name="Marker3D3" type="Marker3D" parent="Markers"]
transform = Transform3D(0.578978, -0.111257, 0.807716, -0.0620917, 0.981752, 0.179738, -0.812974, -0.154217, 0.561506, -9.60257, -2.93153, -25.9632)
gizmo_extents = 3.0

[node name="Marker3D4" type="Marker3D" parent="Markers"]
transform = Transform3D(0.72724, -0.118317, 0.676108, -0.0538942, 0.972146, 0.228092, -0.684263, -0.202316, 0.700608, -12.8162, -4.54176, -35.2769)
gizmo_extents = 3.0

[node name="Marker3D5" type="Marker3D" parent="Markers"]
transform = Transform3D(0.85035, -0.11541, 0.513404, -0.0460389, 0.955594, 0.291066, -0.524198, -0.271144, 0.807277, -13.7871, -6.55696, -45.0042)
gizmo_extents = 3.0

[node name="Marker3D6" type="Marker3D" parent="Markers"]
transform = Transform3D(0.932091, -0.102254, 0.347489, -0.0283583, 0.935781, 0.351436, -0.36111, -0.337425, 0.869335, -13.0767, -9.10817, -54.6315)
gizmo_extents = 3.0

[node name="Marker3D7" type="Marker3D" parent="Markers"]
transform = Transform3D(0.99691, -0.0685064, 0.0384293, 0.0478289, 0.917501, 0.394844, -0.0623085, -0.391786, 0.917943, -9.97764, -11.9044, -63.6719)
gizmo_extents = 3.0

[node name="Marker3D8" type="Marker3D" parent="Markers"]
transform = Transform3D(0.902663, -0.0154057, -0.430071, 0.192736, 0.908001, 0.372001, 0.384775, -0.418682, 0.822589, -3.41706, -14.2658, -70.6995)
gizmo_extents = 3.0

[node name="Marker3D9" type="Marker3D" parent="Markers"]
transform = Transform3D(0.707117, 0.132907, -0.694492, 0.236534, 0.881132, 0.409458, 0.66636, -0.453806, 0.591627, 5.73877, -15.9803, -74.1806)
gizmo_extents = 3.0

[node name="Marker3D10" type="Marker3D" parent="Markers"]
transform = Transform3D(0.616517, 0.208249, -0.759301, 0.246696, 0.86473, 0.43747, 0.747694, -0.457025, 0.481747, 15.4663, -18.0237, -75.1981)
gizmo_extents = 3.0

[node name="Marker3D11" type="Marker3D" parent="Markers"]
transform = Transform3D(0.672523, 0.17108, -0.72003, 0.235491, 0.872876, 0.42735, 0.701609, -0.456964, 0.546742, 25.2046, -20.14, -75.9862)
gizmo_extents = 3.0

[node name="Marker3D12" type="Marker3D" parent="Markers"]
transform = Transform3D(0.803081, 0.0633993, -0.592487, 0.21578, 0.895895, 0.388342, 0.555427, -0.439717, 0.705796, 34.7056, -22.1183, -78.3127)
gizmo_extents = 3.0

[node name="Marker3D13" type="Marker3D" parent="Markers"]
transform = Transform3D(0.945439, -0.01396, -0.325496, 0.14639, 0.910747, 0.386144, 0.291055, -0.412726, 0.863101, 43.1641, -24.1171, -83.1701)
gizmo_extents = 3.0

[node name="Marker3D14" type="Marker3D" parent="Markers"]
transform = Transform3D(0.993372, -0.0660391, -0.0940737, 0.096311, 0.924946, 0.36769, 0.0627314, -0.374313, 0.925177, 49.8821, -26.3466, -90.1994)
gizmo_extents = 3.0

[node name="Marker3D15" type="Marker3D" parent="Markers"]
transform = Transform3D(0.987776, -0.106311, 0.113997, 0.062399, 0.93986, 0.335809, -0.142842, -0.324591, 0.935006, 54.8126, -28.5626, -98.59)
gizmo_extents = 3.0

[node name="Marker3D16" type="Marker3D" parent="Markers"]
transform = Transform3D(0.931981, -0.139258, 0.33469, 0.0401578, 0.957246, 0.28647, -0.360274, -0.253544, 0.897728, 57.7617, -30.5716, -107.908)
gizmo_extents = 3.0

[node name="Marker3D17" type="Marker3D" parent="Markers"]
transform = Transform3D(0.77613, -0.160828, 0.609717, 0.00958642, 0.969824, 0.243613, -0.630498, -0.18323, 0.754253, 58.1136, -32.1397, -117.735)
gizmo_extents = 3.0

[node name="Marker3D18" type="Marker3D" parent="Markers"]
transform = Transform3D(0.51084, -0.202736, 0.835427, -0.123937, 0.944273, 0.304934, -0.850694, -0.259313, 0.457247, 54.9799, -34.4241, -126.887)
gizmo_extents = 3.0

[node name="Marker3D19" type="Marker3D" parent="Markers"]
transform = Transform3D(0.261231, -0.245355, 0.933573, -0.229201, 0.923729, 0.306903, -0.937669, -0.294149, 0.185071, 49.1644, -37.575, -134.34)
gizmo_extents = 3.0

[node name="Marker3D20" type="Marker3D" parent="Markers"]
transform = Transform3D(0.0131898, -0.281556, 0.959453, -0.314958, 0.909523, 0.271233, -0.949013, -0.305765, -0.0766818, 41.5723, -41.0644, -139.781)
gizmo_extents = 3.0

[node name="Marker3D21" type="Marker3D" parent="Markers"]
transform = Transform3D(-0.299069, -0.31307, 0.901412, -0.393776, 0.900954, 0.182265, -0.869193, -0.300444, -0.392727, 32.6694, -44.468, -142.654)
gizmo_extents = 3.0

[node name="Marker3D22" type="Marker3D" parent="Markers"]
transform = Transform3D(-0.533467, -0.355107, 0.767665, -0.444135, 0.890011, 0.103063, -0.71983, -0.285966, -0.632508, 23.1503, -47.3939, -142.243)
gizmo_extents = 3.0

[node name="Marker3D23" type="Marker3D" parent="Markers"]
transform = Transform3D(-0.583783, -0.352539, 0.731377, -0.446851, 0.891615, 0.0731018, -0.677879, -0.284141, -0.678043, 13.7463, -49.9931, -140.062)
gizmo_extents = 3.0

[node name="Marker3D24" type="Marker3D" parent="Markers"]
transform = Transform3D(-0.353292, -0.263059, 0.897766, -0.385998, 0.915144, 0.116252, -0.852167, -0.305465, -0.424854, 4.17244, -52.5081, -138.969)
gizmo_extents = 3.0

[node name="Marker3D25" type="Marker3D" parent="Markers"]
transform = Transform3D(0.0498863, -0.171023, 0.984002, -0.295427, 0.938614, 0.178112, -0.954061, -0.299586, -0.00370085, -4.867, -55.0653, -142.159)
gizmo_extents = 3.0

[node name="Marker3D26" type="Marker3D" parent="Markers"]
transform = Transform3D(0.372753, -0.121315, 0.919965, -0.214272, 0.953369, 0.21254, -0.902851, -0.276348, 0.329377, -12.1125, -57.6468, -148.473)
gizmo_extents = 3.0

[node name="Marker3D27" type="Marker3D" parent="Markers"]
transform = Transform3D(0.64501, -0.0817456, 0.759788, -0.128443, 0.968518, 0.213242, -0.753301, -0.235133, 0.614205, -16.8057, -59.9362, -156.948)
gizmo_extents = 3.0

[node name="Marker3D28" type="Marker3D" parent="Markers"]
transform = Transform3D(0.822967, -0.0600939, 0.5649, -0.0590355, 0.979957, 0.190253, -0.565011, -0.189921, 0.802926, -18.7539, -61.71, -166.562)
gizmo_extents = 3.0

[node name="Marker3D29" type="Marker3D" parent="Markers"]
transform = Transform3D(0.905474, -0.0488361, 0.42158, -0.0524648, 0.972855, 0.225381, -0.421144, -0.226195, 0.878335, -18.5051, -63.1633, -176.442)
gizmo_extents = 3.0

[node name="Marker3D30" type="Marker3D" parent="Markers"]
transform = Transform3D(0.953801, -0.027595, 0.299165, -0.0698223, 0.948146, 0.310066, -0.292208, -0.31663, 0.902418, -16.8959, -65.3559, -186.054)
gizmo_extents = 3.0

[node name="Marker3D31" type="Marker3D" parent="Markers"]
transform = Transform3D(0.987366, 0.00395819, 0.158404, -0.0656514, 0.920062, 0.386229, -0.144213, -0.391749, 0.908699, -13.9393, -68.2921, -195.131)
gizmo_extents = 3.0

[node name="Marker3D32" type="Marker3D" parent="Markers"]
transform = Transform3D(0.998936, 0.0421905, -0.0185753, -0.0294632, 0.894232, 0.44663, 0.0354542, -0.445607, 0.894525, -9.50275, -71.7398, -203.386)
gizmo_extents = 3.0

[node name="Marker3D33" type="Marker3D" parent="Markers"]
transform = Transform3D(0.96415, 0.0860412, -0.251019, 0.0474238, 0.874869, 0.482029, 0.261084, -0.476653, 0.839426, -3.23014, -75.278, -210.329)
gizmo_extents = 3.0

[node name="Marker3D34" type="Marker3D" parent="Markers"]
transform = Transform3D(0.926403, 0.163924, -0.338976, 0.0539058, 0.833245, 0.550267, 0.372653, -0.528042, 0.763086, 4.12392, -79.1043, -215.844)
gizmo_extents = 3.0

[node name="Marker3D35" type="Marker3D" parent="Markers"]
transform = Transform3D(0.83954, 0.23823, -0.48828, 0.118324, 0.796986, 0.592292, 0.530255, -0.555028, 0.640915, 12.2429, -83.2606, -219.903)
gizmo_extents = 3.0

[node name="Marker3D36" type="Marker3D" parent="Markers"]
transform = Transform3D(0.628589, 0.32182, -0.70803, 0.265499, 0.766889, 0.584284, 0.731016, -0.555256, 0.396616, 21.2839, -87.0886, -221.536)
gizmo_extents = 3.0

[node name="Marker3D37" type="Marker3D" parent="Markers"]
transform = Transform3D(0.337879, 0.339107, -0.877976, 0.433996, 0.771608, 0.465043, 0.835155, -0.538167, 0.11354, 30.8164, -89.4003, -219.877)
gizmo_extents = 3.0

[node name="Marker3D38" type="Marker3D" parent="Markers"]
transform = Transform3D(0.113499, 0.382527, -0.916946, 0.505578, 0.772245, 0.384742, 0.855282, -0.507255, -0.105748, 39.8816, -90.2553, -215.798)
gizmo_extents = 3.0

[node name="Marker3D39" type="Marker3D" parent="Markers"]
transform = Transform3D(-0.103232, 0.470556, -0.876309, 0.5277, 0.772714, 0.352764, 0.843133, -0.426012, -0.328082, 47.8684, -90.3903, -209.87)
gizmo_extents = 3.0

[node name="Path3D" type="Path3D" parent="."]
transform = Transform3D(1, 0, 0, 0, 1, 0, 0, 0, 1, -5.424, 0, 0)
curve = SubResource("Curve3D_r7bhb")

[node name="Camera3D" type="Camera3D" parent="."]
transform = Transform3D(0.694072, -0.149958, 0.704114, -0.202369, 0.897984, 0.390731, -0.690876, -0.413687, 0.592919, 84.803, 52.858, 0)

[node name="Decals" type="Node3D" parent="."]
